10000
16000
22000
27000
29000
31000
33000
35000
37000
39000
41000

240			230			220			210			200			190			180			170			160			130
373 3655	367 3512	358 3352	350 3195	341	3040	331 3866	324 2729	317 2598	311 2475	284 2057
404 3610	397 3462	390 3316	382 3164	373 3011	364 2854	356 2714	345 2558	336 2415	306 1978
441 3604	434 3456	429 3324	423 3193	412 3026	398 2833	387 2676	378 2531	368 2383	333 1931
466 3570	462 3437	458 3304	448 3136	440 2986	428 2815	420 2676	414 2551	401 2387	362 1917
470	3523	466 3385	463	3257	459 3125	453 2993	444 2833	431 2661	421 2507	414 2382	373 1908
473 3949	471 3357	467 3214	463 3079	459 2952	455 2825	448 2684	433 2506	421 2345	387 1911
474 3501	472 3334	470 3177	467 3045	464 2907	459 2776	455 2651	449 2524	435 2349	402 1920
-1 -1		473 3365	471 3181	468 3018	466 2868	463 2738	459 2604	454 2480	449 2358	410 1890
-1 -1		-1 -1		-1 -1		471 3059	469 2881	466 2723	464 2581	460 2454	456 2327	425 1896
-1 -1		-1 -1		-1 -1		-1 -1		-1 -1		471 2770	468 2597	466 2445	463 2312	445 1935
-1 -1		-1 -1		-1 -1		-1 -1		-1 -1		-1 -1		-1 -1		471 2481	468 2315	455 1922
