29000
31000
33000
35000
37000
39000
41000

240			230			220			210			200			190			180			170			160			130
485 3753	485 3652	485 3561	485 3484	485 3412	485 3345	485 3283	485 3225	485 3171	485 3034
481 3623	481 3510	481 3406	481 3309	481 3223	481 3150	481 3082	481 3019	481 2961	481 2812
477 3539	477 3409	477 3283	477 3174	477 3075	477 2982	477 2903	477 2834	477 2834	477 2610
-1 -1		473 3356	473 3207	473 3078	473 2958	473 2854	473 2759	473 2672	473 2473	470 2272
-1 -1		-1 -1		-1 -1		470 3047	470 2899	470 2775	470 2660	470 2562	470 2473	470 2272
-1 -1		-1 -1		-1 -1		-1 -1		-1 -1		470 2760	470 2618	470 2499	470 2392	470 2151
-1 -1		-1 -1		-1 -1		-1 -1		-1 -1		-1 -1		-1 -1		470 2473	470 2343	470 2051
